{
 "cells": [
  {
   "cell_type": "markdown",
   "id": "40a13c3d",
   "metadata": {},
   "source": [
    "# Init"
   ]
  },
  {
   "cell_type": "code",
   "execution_count": 8,
   "id": "2c721a8f",
   "metadata": {},
   "outputs": [],
   "source": [
    "init_training_sentences = [\"the cat sat on the mat\", \"the dog sat on the chair\", \"the guy sat on the sofa\"]\n",
    "init_vocab_size = len(set([word for sentence in init_training_sentences for word in sentence.split()])) # unique words in training sentences\n",
    "init_embedding_dimension = 8\n",
    "init_attention_dimension = 4 # usually better if it's half of embedding dimension\n",
    "init_input = \"the cat sat on the\"\n",
    "init_input_length = len(init_input.split())"
   ]
  },
  {
   "cell_type": "markdown",
   "id": "773ba077",
   "metadata": {},
   "source": [
    "## Tokenization"
   ]
  },
  {
   "cell_type": "code",
   "execution_count": 9,
   "id": "6d390a25",
   "metadata": {},
   "outputs": [
    {
     "name": "stdout",
     "output_type": "stream",
     "text": [
      "Tokenization\n",
      "\n",
      "unique_words:  ['cat', 'chair', 'dog', 'guy', 'mat', 'on', 'sat', 'sofa', 'the']\n",
      "word_to_id:  {'cat': 0, 'chair': 1, 'dog': 2, 'guy': 3, 'mat': 4, 'on': 5, 'sat': 6, 'sofa': 7, 'the': 8}\n",
      "\n",
      "input_encoded:  [8, 0, 6, 5, 8]\n"
     ]
    }
   ],
   "source": [
    "# Get list of unique words\n",
    "\n",
    "print(\"Tokenization\\n\")\n",
    "\n",
    "unique_words = sorted(set([word for sentence in init_training_sentences for word in sentence.split()]))\n",
    "\n",
    "print(\"unique_words: \", unique_words)\n",
    "\n",
    "word_to_id = {\n",
    "    word: i for i, word in enumerate(unique_words)\n",
    "}\n",
    "\n",
    "print(\"word_to_id: \", word_to_id)\n",
    "\n",
    "id_to_word = {\n",
    "    i: word for word, i in word_to_id.items()\n",
    "}\n",
    "\n",
    "# get input and encode it\n",
    "input_encoded = [word_to_id[input] for input in init_input.split()]\n",
    "\n",
    "print(\"\\ninput_encoded: \", input_encoded)\n"
   ]
  },
  {
   "cell_type": "markdown",
   "id": "2d0150a0",
   "metadata": {},
   "source": [
    "## Embedding"
   ]
  },
  {
   "cell_type": "code",
   "execution_count": 4,
   "id": "a4ae8cf3",
   "metadata": {},
   "outputs": [
    {
     "name": "stdout",
     "output_type": "stream",
     "text": [
      "Embedding\n",
      "\n",
      "embedding_table.shape: \n",
      " (9, 8)\n",
      "input_encoded: \n",
      " [8, 0, 6, 5, 8]\n",
      "\n",
      "embeddings.shape:  (5, 8)\n"
     ]
    }
   ],
   "source": [
    "import numpy as np\n",
    "\n",
    "print(\"Embedding\\n\")\n",
    "embedding_table = np.random.randn(init_vocab_size, init_embedding_dimension)\n",
    "\n",
    "print(\"embedding_table.shape: \\n\", embedding_table.shape)\n",
    "print(\"input_encoded: \\n\", input_encoded)\n",
    "\n",
    "embeddings = embedding_table[input_encoded]\n",
    "\n",
    "print(\"\\nembeddings.shape: \", embeddings.shape)"
   ]
  },
  {
   "cell_type": "markdown",
   "id": "39219d38",
   "metadata": {},
   "source": [
    "## Attention"
   ]
  },
  {
   "cell_type": "code",
   "execution_count": 5,
   "id": "2384a642",
   "metadata": {},
   "outputs": [
    {
     "name": "stdout",
     "output_type": "stream",
     "text": [
      "embeddings.shape:  (5, 8)\n",
      "W_K.shape:  (8, 4)\n",
      "K.shape: embeddings @ W_K:  (5, 4)\n",
      "Q:  (5, 4)\n",
      "Q @ K:  (5, 5)\n"
     ]
    }
   ],
   "source": [
    "# Create attention layer\n",
    "\n",
    "# Who am I?\n",
    "W_K = np.random.randn(init_embedding_dimension, init_attention_dimension)\n",
    "# What am I looking for?\n",
    "W_Q = np.random.randn(init_embedding_dimension, init_attention_dimension)\n",
    "# What information do I pass forward?\n",
    "W_V = np.random.randn(init_embedding_dimension, init_attention_dimension)\n",
    "\n",
    "print(\"embeddings.shape: \", embeddings.shape)\n",
    "print(\"W_K.shape: \", W_K.shape)\n",
    "\n",
    "# Create Keys\n",
    "K = embeddings.dot(W_K)\n",
    "# Create Queries\n",
    "Q = embeddings.dot(W_Q)\n",
    "# Create Values\n",
    "V = embeddings.dot(W_V)\n",
    "\n",
    "print(\"K.shape: embeddings @ W_K: \", K.shape)\n",
    "\n",
    "# Compare every query against every key\n",
    "scores = Q.dot(K.T)\n",
    "print(\"Q: \", Q.shape)\n",
    "print(\"Q @ K: \", scores.shape)\n",
    "\n",
    "# Normalize scores\n",
    "scores = scores / np.sqrt(init_attention_dimension)\n"
   ]
  },
  {
   "cell_type": "markdown",
   "id": "6ff62f5d",
   "metadata": {},
   "source": [
    "## Softmax"
   ]
  },
  {
   "cell_type": "code",
   "execution_count": 7,
   "id": "536132ad",
   "metadata": {},
   "outputs": [
    {
     "name": "stdout",
     "output_type": "stream",
     "text": [
      "scores: \n",
      "\n",
      " [[  0.                 -inf         -inf         -inf         -inf]\n",
      " [  0.          -5.8086356          -inf         -inf         -inf]\n",
      " [  0.          -0.67012357  -0.47686365         -inf         -inf]\n",
      " [ -2.92354211   0.          -3.50605268  -8.84409996         -inf]\n",
      " [  0.         -12.06293276 -12.02145842  -5.31637674   0.        ]]\n",
      "causal masking:\n",
      "\n",
      " [[  0.                 -inf         -inf         -inf         -inf]\n",
      " [  0.          -5.8086356          -inf         -inf         -inf]\n",
      " [  0.          -0.67012357  -0.47686365         -inf         -inf]\n",
      " [ -2.92354211   0.          -3.50605268  -8.84409996         -inf]\n",
      " [  0.         -12.06293276 -12.02145842  -5.31637674   0.        ]]\n",
      "scores - max: \n",
      "\n",
      " [[  0.                 -inf         -inf         -inf         -inf]\n",
      " [  0.          -5.8086356          -inf         -inf         -inf]\n",
      " [  0.          -0.67012357  -0.47686365         -inf         -inf]\n",
      " [ -2.92354211   0.          -3.50605268  -8.84409996         -inf]\n",
      " [  0.         -12.06293276 -12.02145842  -5.31637674   0.        ]]\n",
      "exp_scores: \n",
      "\n",
      " [[1.00000000e+00 0.00000000e+00 0.00000000e+00 0.00000000e+00\n",
      "  0.00000000e+00]\n",
      " [1.00000000e+00 3.00152255e-03 0.00000000e+00 0.00000000e+00\n",
      "  0.00000000e+00]\n",
      " [1.00000000e+00 5.11645347e-01 6.20727158e-01 0.00000000e+00\n",
      "  0.00000000e+00]\n",
      " [5.37429860e-02 1.00000000e+00 3.00151605e-02 1.44230195e-04\n",
      "  0.00000000e+00]\n",
      " [1.00000000e+00 5.76945599e-06 6.01377177e-06 4.91051361e-03\n",
      "  1.00000000e+00]]\n",
      "attention_weights: \n",
      "\n",
      " [[1.00000000e+00 0.00000000e+00 0.00000000e+00 0.00000000e+00\n",
      "  0.00000000e+00]\n",
      " [9.97007460e-01 2.99254038e-03 0.00000000e+00 0.00000000e+00\n",
      "  0.00000000e+00]\n",
      " [4.68961215e-01 2.39941824e-01 2.91096962e-01 0.00000000e+00\n",
      "  0.00000000e+00]\n",
      " [4.95828657e-02 9.22592312e-01 2.76917563e-02 1.33065669e-04\n",
      "  0.00000000e+00]\n",
      " [4.98772447e-01 2.87764568e-06 2.99950366e-06 2.44922889e-03\n",
      "  4.98772447e-01]]\n",
      "top_indices:  [6 2 4 3 7]\n",
      "sat        0.990 █████████████████████████████████████████████████\n",
      "dog        0.005 \n",
      "mat        0.003 \n",
      "guy        0.001 \n",
      "sofa       0.001 \n"
     ]
    }
   ],
   "source": [
    "# Convert scores into probabilities\n",
    "print(\"scores: \\n\\n\", scores)\n",
    "\n",
    "# upper triangle = future tokens\n",
    "mask = np.triu(np.ones(scores.shape), k=1)\n",
    "\n",
    "# Prevent future token attention\n",
    "scores = np.where(mask == 1, -np.inf, scores)\n",
    "\n",
    "print(\"causal masking:\\n\\n\", scores)\n",
    "\n",
    "scores = scores - np.max(scores, axis=-1, keepdims=True)\n",
    "\n",
    "print(\"scores - max: \\n\\n\", scores)\n",
    "\n",
    "exp_scores = np.exp(scores)\n",
    "\n",
    "print(\"exp_scores: \\n\\n\", exp_scores)\n",
    "\n",
    "attention_weights = exp_scores / np.sum(exp_scores, axis=-1, keepdims=True)\n",
    "\n",
    "print(\"attention_weights: \\n\\n\", attention_weights)\n",
    "\n",
    "attention_output = attention_weights.dot(V)\n",
    "\n",
    "# final prediction matrix\n",
    "# lm_head\n",
    "vocabulary_scores = np.random.randn(init_attention_dimension, len(unique_words))\n",
    "\n",
    "# raw word scores\n",
    "# logits\n",
    "vocabulary_logits = attention_output @ vocabulary_scores\n",
    "\n",
    "# use last token's vocabulary_logits for next-word prediction\n",
    "last_vocabulary_logits = vocabulary_logits[-1]\n",
    "\n",
    "# softmax over vocabulary\n",
    "exponentiated_vocabulary_logits = np.exp(last_vocabulary_logits - np.max(last_vocabulary_logits))\n",
    "probabilities = exponentiated_vocabulary_logits / np.sum(exponentiated_vocabulary_logits)\n",
    "\n",
    "top_indices = np.argsort(probabilities)[-5:][::-1]\n",
    "\n",
    "print(\"top_indices: \", top_indices)\n",
    "\n",
    "for idx in top_indices:\n",
    "    bar = \"█\" * int(probabilities[idx] * 50)\n",
    "    print(f\"{unique_words[idx]:10s} {probabilities[idx]:.3f} {bar}\")"
   ]
  },
  {
   "cell_type": "code",
   "execution_count": null,
   "id": "479c2ec6",
   "metadata": {},
   "outputs": [],
   "source": []
  }
 ],
 "metadata": {
  "kernelspec": {
   "display_name": "tiny-llm--ujGSi3a-py3.12",
   "language": "python",
   "name": "python3"
  },
  "language_info": {
   "codemirror_mode": {
    "name": "ipython",
    "version": 3
   },
   "file_extension": ".py",
   "mimetype": "text/x-python",
   "name": "python",
   "nbconvert_exporter": "python",
   "pygments_lexer": "ipython3",
   "version": "3.12.1"
  }
 },
 "nbformat": 4,
 "nbformat_minor": 5
}
